FONT 56 55 14 9 84 2048 1024
G 32 0.000000 0.000000 0.041016 0.082031 14.938
G 33 0.041016 0.000000 0.082031 0.082031 17.031
G 34 0.082031 0.000000 0.123047 0.082031 27.672
G 35 0.123047 0.000000 0.164062 0.082031 35.766
G 36 0.164062 0.000000 0.205078 0.082031 36.172
G 37 0.205078 0.000000 0.246094 0.082031 55.625
G 38 0.246094 0.000000 0.287109 0.082031 36.594
G 39 0.287109 0.000000 0.328125 0.082031 17.531
G 40 0.328125 0.000000 0.369141 0.082031 20.641
G 41 0.369141 0.000000 0.410156 0.082031 20.641
G 42 0.410156 0.000000 0.451172 0.082031 29.156
G 43 0.451172 0.000000 0.492188 0.082031 37.375
G 44 0.492188 0.000000 0.533203 0.082031 16.984
G 45 0.533203 0.000000 0.574219 0.082031 25.891
G 46 0.574219 0.000000 0.615234 0.082031 16.984
G 47 0.615234 0.000000 0.656250 0.082031 20.703
G 48 0.656250 0.000000 0.697266 0.082031 36.156
G 49 0.697266 0.000000 0.738281 0.082031 23.250
G 50 0.738281 0.000000 0.779297 0.082031 34.516
G 51 0.779297 0.000000 0.820312 0.082031 35.109
G 52 0.820312 0.000000 0.861328 0.082031 36.750
G 53 0.861328 0.000000 0.902344 0.082031 34.625
G 54 0.902344 0.000000 0.943359 0.082031 35.281
G 55 0.943359 0.000000 0.984375 0.082031 32.000
G 56 0.000000 0.082031 0.041016 0.164062 35.250
G 57 0.041016 0.082031 0.082031 0.164062 35.281
G 58 0.082031 0.082031 0.123047 0.164062 16.984
G 59 0.123047 0.082031 0.164062 0.164062 17.672
G 60 0.164062 0.082031 0.205078 0.164062 37.375
G 61 0.205078 0.082031 0.246094 0.164062 37.375
G 62 0.246094 0.082031 0.287109 0.164062 37.375
G 63 0.287109 0.082031 0.328125 0.164062 29.531
G 64 0.328125 0.082031 0.369141 0.164062 55.016
G 65 0.369141 0.082031 0.410156 0.164062 39.703
G 66 0.410156 0.082031 0.451172 0.164062 36.781
G 67 0.451172 0.082031 0.492188 0.164062 41.078
G 68 0.492188 0.082031 0.533203 0.164062 40.422
G 69 0.533203 0.082031 0.574219 0.164062 33.766
G 70 0.574219 0.082031 0.615234 0.164062 33.000
G 71 0.615234 0.082031 0.656250 0.164062 41.859
G 72 0.656250 0.082031 0.697266 0.164062 41.703
G 73 0.697266 0.082031 0.738281 0.164062 15.266
G 74 0.738281 0.082031 0.779297 0.164062 32.219
G 75 0.779297 0.082031 0.820312 0.164062 38.500
G 76 0.820312 0.082031 0.861328 0.164062 31.672
G 77 0.861328 0.082031 0.902344 0.164062 51.109
G 78 0.902344 0.082031 0.943359 0.164062 42.359
G 79 0.943359 0.082031 0.984375 0.164062 42.938
G 80 0.000000 0.164062 0.041016 0.246094 35.938
G 81 0.041016 0.164062 0.082031 0.246094 43.047
G 82 0.082031 0.164062 0.123047 0.246094 36.281
G 83 0.123047 0.164062 0.164062 0.246094 36.172
G 84 0.164062 0.164062 0.205078 0.246094 36.562
G 85 0.205078 0.164062 0.246094 0.246094 41.453
G 86 0.246094 0.164062 0.287109 0.246094 39.703
G 87 0.287109 0.164062 0.328125 0.246094 56.172
G 88 0.328125 0.164062 0.369141 0.246094 39.234
G 89 0.369141 0.164062 0.410156 0.246094 39.000
G 90 0.410156 0.164062 0.451172 0.246094 35.875
G 91 0.451172 0.164062 0.492188 0.246094 20.641
G 92 0.492188 0.164062 0.533203 0.246094 20.703
G 93 0.533203 0.164062 0.574219 0.246094 20.641
G 94 0.574219 0.164062 0.615234 0.246094 26.688
G 95 0.615234 0.164062 0.656250 0.246094 25.922
G 96 0.656250 0.164062 0.697266 0.246094 18.875
G 97 0.697266 0.164062 0.738281 0.246094 31.797
G 98 0.738281 0.164062 0.779297 0.246094 34.625
G 99 0.779297 0.164062 0.820312 0.246094 32.328
G 100 0.820312 0.164062 0.861328 0.246094 34.625
G 101 0.861328 0.164062 0.902344 0.246094 32.891
G 102 0.902344 0.164062 0.943359 0.246094 21.250
G 103 0.943359 0.164062 0.984375 0.246094 34.703
G 104 0.000000 0.246094 0.041016 0.328125 33.688
G 105 0.041016 0.246094 0.082031 0.328125 14.109
G 106 0.082031 0.246094 0.123047 0.328125 14.109
G 107 0.123047 0.246094 0.164062 0.328125 31.312
G 108 0.164062 0.246094 0.205078 0.328125 14.109
G 109 0.205078 0.246094 0.246094 0.328125 49.734
G 110 0.246094 0.246094 0.287109 0.328125 33.688
G 111 0.287109 0.246094 0.328125 0.328125 33.828
G 112 0.328125 0.246094 0.369141 0.328125 34.625
G 113 0.369141 0.246094 0.410156 0.328125 34.625
G 114 0.410156 0.246094 0.451172 0.328125 21.656
G 115 0.451172 0.246094 0.492188 0.328125 30.156
G 116 0.492188 0.246094 0.533203 0.328125 19.062
G 117 0.533203 0.246094 0.574219 0.328125 33.688
G 118 0.574219 0.246094 0.615234 0.328125 32.188
G 119 0.615234 0.246094 0.656250 0.328125 46.438
G 120 0.656250 0.246094 0.697266 0.328125 31.203
G 121 0.697266 0.246094 0.738281 0.328125 32.219
G 122 0.738281 0.246094 0.779297 0.328125 31.312
G 123 0.779297 0.246094 0.820312 0.328125 24.672
G 124 0.820312 0.246094 0.861328 0.328125 19.359
G 125 0.861328 0.246094 0.902344 0.328125 24.672
G 126 0.902344 0.246094 0.943359 0.328125 37.375
G 160 0.943359 0.246094 0.984375 0.328125 14.938
G 161 0.000000 0.328125 0.041016 0.410156 17.031
G 162 0.041016 0.328125 0.082031 0.410156 32.328
G 163 0.082031 0.328125 0.123047 0.410156 34.734
G 164 0.123047 0.328125 0.164062 0.410156 41.266
G 165 0.164062 0.328125 0.205078 0.410156 31.172
G 166 0.205078 0.328125 0.246094 0.410156 16.406
G 167 0.246094 0.328125 0.287109 0.410156 31.672
G 168 0.287109 0.328125 0.328125 0.410156 33.688
G 169 0.328125 0.328125 0.369141 0.410156 51.188
G 170 0.369141 0.328125 0.410156 0.410156 25.812
G 171 0.410156 0.328125 0.451172 0.410156 34.078
G 172 0.451172 0.328125 0.492188 0.410156 37.375
G 173 0.492188 0.328125 0.533203 0.410156 0.000
G 174 0.533203 0.328125 0.574219 0.410156 37.469
G 175 0.574219 0.328125 0.615234 0.410156 26.031
G 176 0.615234 0.328125 0.656250 0.410156 25.594
G 177 0.656250 0.328125 0.697266 0.410156 37.375
G 178 0.697266 0.328125 0.738281 0.410156 25.078
G 179 0.738281 0.328125 0.779297 0.410156 25.453
G 180 0.779297 0.328125 0.820312 0.410156 18.875
G 181 0.820312 0.328125 0.861328 0.410156 33.609
G 182 0.861328 0.328125 0.902344 0.410156 33.656
G 183 0.902344 0.328125 0.943359 0.410156 16.984
G 184 0.943359 0.328125 0.984375 0.410156 16.812
G 185 0.000000 0.410156 0.041016 0.492188 17.578
G 186 0.041016 0.410156 0.082031 0.492188 25.812
G 187 0.082031 0.410156 0.123047 0.492188 34.078
G 188 0.123047 0.410156 0.164062 0.492188 45.750
G 189 0.164062 0.410156 0.205078 0.492188 48.078
G 190 0.205078 0.410156 0.246094 0.492188 50.094
G 191 0.246094 0.410156 0.287109 0.492188 29.531
G 192 0.287109 0.410156 0.328125 0.492188 39.703
G 193 0.328125 0.410156 0.369141 0.492188 39.703
G 194 0.369141 0.410156 0.410156 0.492188 39.703
G 195 0.410156 0.410156 0.451172 0.492188 39.703
G 196 0.451172 0.410156 0.492188 0.492188 39.703
G 197 0.492188 0.410156 0.533203 0.492188 39.703
G 198 0.533203 0.410156 0.574219 0.492188 56.188
G 199 0.574219 0.410156 0.615234 0.492188 41.078
G 200 0.615234 0.410156 0.656250 0.492188 33.766
G 201 0.656250 0.410156 0.697266 0.492188 33.766
G 202 0.697266 0.410156 0.738281 0.492188 33.766
G 203 0.738281 0.410156 0.779297 0.492188 33.766
G 204 0.779297 0.410156 0.820312 0.492188 15.266
G 205 0.820312 0.410156 0.861328 0.492188 15.266
G 206 0.861328 0.410156 0.902344 0.492188 15.266
G 207 0.902344 0.410156 0.943359 0.492188 15.266
G 208 0.943359 0.410156 0.984375 0.492188 41.625
G 209 0.000000 0.492188 0.041016 0.574219 42.359
G 210 0.041016 0.492188 0.082031 0.574219 42.938
G 211 0.082031 0.492188 0.123047 0.574219 42.938
G 212 0.123047 0.492188 0.164062 0.574219 42.938
G 213 0.164062 0.492188 0.205078 0.574219 42.938
G 214 0.205078 0.492188 0.246094 0.574219 42.938
G 215 0.246094 0.492188 0.287109 0.574219 37.375
G 216 0.287109 0.492188 0.328125 0.574219 42.938
G 217 0.328125 0.492188 0.369141 0.574219 41.453
G 218 0.369141 0.492188 0.410156 0.574219 41.453
G 219 0.410156 0.492188 0.451172 0.574219 41.453
G 220 0.451172 0.492188 0.492188 0.574219 41.453
G 221 0.492188 0.492188 0.533203 0.574219 39.000
G 222 0.533203 0.492188 0.574219 0.574219 36.234
G 223 0.574219 0.492188 0.615234 0.574219 35.281
G 224 0.615234 0.492188 0.656250 0.574219 31.797
G 225 0.656250 0.492188 0.697266 0.574219 31.797
G 226 0.697266 0.492188 0.738281 0.574219 31.797
G 227 0.738281 0.492188 0.779297 0.574219 31.797
G 228 0.779297 0.492188 0.820312 0.574219 31.797
G 229 0.820312 0.492188 0.861328 0.574219 31.797
G 230 0.861328 0.492188 0.902344 0.574219 51.250
G 231 0.902344 0.492188 0.943359 0.574219 32.328
G 232 0.943359 0.492188 0.984375 0.574219 32.891
G 233 0.000000 0.574219 0.041016 0.656250 32.891
G 234 0.041016 0.574219 0.082031 0.656250 32.891
G 235 0.082031 0.574219 0.123047 0.656250 32.891
G 236 0.123047 0.574219 0.164062 0.656250 14.109
G 237 0.164062 0.574219 0.205078 0.656250 14.109
G 238 0.205078 0.574219 0.246094 0.656250 14.109
G 239 0.246094 0.574219 0.287109 0.656250 14.109
G 240 0.287109 0.574219 0.328125 0.656250 32.922
G 241 0.328125 0.574219 0.369141 0.656250 33.688
G 242 0.369141 0.574219 0.410156 0.656250 33.828
G 243 0.410156 0.574219 0.451172 0.656250 33.828
G 244 0.451172 0.574219 0.492188 0.656250 33.828
G 245 0.492188 0.574219 0.533203 0.656250 33.828
G 246 0.533203 0.574219 0.574219 0.656250 33.828
G 247 0.574219 0.574219 0.615234 0.656250 37.375
G 248 0.615234 0.574219 0.656250 0.656250 33.828
G 249 0.656250 0.574219 0.697266 0.656250 33.688
G 250 0.697266 0.574219 0.738281 0.656250 33.688
G 251 0.738281 0.574219 0.779297 0.656250 33.688
G 252 0.779297 0.574219 0.820312 0.656250 33.688
G 253 0.820312 0.574219 0.861328 0.656250 32.219
G 254 0.861328 0.574219 0.902344 0.656250 34.625
G 255 0.902344 0.574219 0.943359 0.656250 32.219
G 8226 0.943359 0.574219 0.984375 0.656250 29.859
G 8211 0.000000 0.656250 0.041016 0.738281 28.000
G 8212 0.041016 0.656250 0.082031 0.738281 56.000
G 8216 0.082031 0.656250 0.123047 0.738281 15.531
G 8217 0.123047 0.656250 0.164062 0.738281 15.531
G 8220 0.164062 0.656250 0.205078 0.738281 26.531
G 8221 0.205078 0.656250 0.246094 0.738281 26.359
G 8230 0.246094 0.656250 0.287109 0.738281 50.969
G 215 0.287109 0.656250 0.328125 0.738281 37.375
G 8364 0.328125 0.656250 0.369141 0.738281 37.656
G 8594 0.369141 0.656250 0.410156 0.738281 53.438
G 8592 0.410156 0.656250 0.451172 0.738281 53.438
G 8593 0.451172 0.656250 0.492188 0.738281 48.047
G 8595 0.492188 0.656250 0.533203 0.738281 48.047
G 10003 0.533203 0.656250 0.574219 0.738281 49.500
