FONT 56 55 14 9 84 2048 1024
G 32 0.000000 0.000000 0.041016 0.082031 13.266
G 33 0.041016 0.000000 0.082031 0.082031 18.922
G 34 0.082031 0.000000 0.123047 0.082031 30.906
G 35 0.123047 0.000000 0.164062 0.082031 36.344
G 36 0.164062 0.000000 0.205078 0.082031 36.672
G 37 0.205078 0.000000 0.246094 0.082031 56.875
G 38 0.246094 0.000000 0.287109 0.082031 37.625
G 39 0.287109 0.000000 0.328125 0.082031 18.984
G 40 0.328125 0.000000 0.369141 0.082031 21.109
G 41 0.369141 0.000000 0.410156 0.082031 21.109
G 42 0.410156 0.000000 0.451172 0.082031 31.312
G 43 0.451172 0.000000 0.492188 0.082031 38.016
G 44 0.492188 0.000000 0.533203 0.082031 18.703
G 45 0.533203 0.000000 0.574219 0.082031 26.203
G 46 0.574219 0.000000 0.615234 0.082031 18.703
G 47 0.615234 0.000000 0.656250 0.082031 21.734
G 48 0.656250 0.000000 0.697266 0.082031 37.766
G 49 0.697266 0.000000 0.738281 0.082031 24.141
G 50 0.738281 0.000000 0.779297 0.082031 35.281
G 51 0.779297 0.000000 0.820312 0.082031 36.156
G 52 0.820312 0.000000 0.861328 0.082031 37.875
G 53 0.861328 0.000000 0.902344 0.082031 35.797
G 54 0.902344 0.000000 0.943359 0.082031 36.375
G 55 0.943359 0.000000 0.984375 0.082031 32.562
G 56 0.000000 0.082031 0.041016 0.164062 36.453
G 57 0.041016 0.082031 0.082031 0.164062 36.375
G 58 0.082031 0.082031 0.123047 0.164062 18.703
G 59 0.123047 0.082031 0.164062 0.164062 19.203
G 60 0.164062 0.082031 0.205078 0.164062 38.016
G 61 0.205078 0.082031 0.246094 0.164062 38.016
G 62 0.246094 0.082031 0.287109 0.164062 38.016
G 63 0.287109 0.082031 0.328125 0.164062 31.344
G 64 0.328125 0.082031 0.369141 0.164062 56.906
G 65 0.369141 0.082031 0.410156 0.164062 41.812
G 66 0.410156 0.082031 0.451172 0.164062 37.047
G 67 0.451172 0.082031 0.492188 0.164062 41.422
G 68 0.492188 0.082031 0.533203 0.164062 40.438
G 69 0.533203 0.082031 0.574219 0.164062 34.016
G 70 0.574219 0.082031 0.615234 0.164062 32.875
G 71 0.615234 0.082031 0.656250 0.164062 42.031
G 72 0.656250 0.082031 0.697266 0.164062 41.844
G 73 0.697266 0.082031 0.738281 0.164062 15.719
G 74 0.738281 0.082031 0.779297 0.164062 32.734
G 75 0.779297 0.082031 0.820312 0.164062 40.281
G 76 0.820312 0.082031 0.861328 0.164062 31.672
G 77 0.861328 0.082031 0.902344 0.164062 52.172
G 78 0.902344 0.082031 0.943359 0.164062 42.688
G 79 0.943359 0.082031 0.984375 0.164062 43.156
G 80 0.000000 0.164062 0.041016 0.246094 36.281
G 81 0.041016 0.164062 0.082031 0.246094 43.500
G 82 0.082031 0.164062 0.123047 0.246094 36.781
G 83 0.123047 0.164062 0.164062 0.246094 36.672
G 84 0.164062 0.164062 0.205078 0.246094 37.375
G 85 0.205078 0.164062 0.246094 0.246094 40.984
G 86 0.246094 0.164062 0.287109 0.246094 41.812
G 87 0.287109 0.164062 0.328125 0.246094 58.109
G 88 0.328125 0.164062 0.369141 0.246094 41.344
G 89 0.369141 0.164062 0.410156 0.246094 40.938
G 90 0.410156 0.164062 0.451172 0.246094 37.188
G 91 0.451172 0.164062 0.492188 0.246094 21.109
G 92 0.492188 0.164062 0.533203 0.246094 21.734
G 93 0.533203 0.164062 0.574219 0.246094 21.109
G 94 0.574219 0.164062 0.615234 0.246094 27.266
G 95 0.615234 0.164062 0.656250 0.246094 26.656
G 96 0.656250 0.164062 0.697266 0.246094 20.453
G 97 0.697266 0.164062 0.738281 0.246094 32.516
G 98 0.738281 0.164062 0.779297 0.246094 35.297
G 99 0.779297 0.164062 0.820312 0.246094 32.953
G 100 0.820312 0.164062 0.861328 0.246094 35.297
G 101 0.861328 0.164062 0.902344 0.246094 33.359
G 102 0.902344 0.164062 0.943359 0.246094 22.281
G 103 0.943359 0.164062 0.984375 0.246094 35.391
G 104 0.000000 0.246094 0.041016 0.328125 34.859
G 105 0.041016 0.246094 0.082031 0.328125 15.172
G 106 0.082031 0.246094 0.123047 0.328125 15.172
G 107 0.123047 0.246094 0.164062 0.328125 32.484
G 108 0.164062 0.246094 0.205078 0.328125 15.172
G 109 0.205078 0.246094 0.246094 0.328125 51.109
G 110 0.246094 0.246094 0.287109 0.328125 34.859
G 111 0.287109 0.246094 0.328125 0.328125 34.344
G 112 0.328125 0.246094 0.369141 0.328125 35.297
G 113 0.369141 0.246094 0.410156 0.328125 35.297
G 114 0.410156 0.246094 0.451172 0.328125 22.812
G 115 0.451172 0.246094 0.492188 0.328125 31.359
G 116 0.492188 0.246094 0.533203 0.328125 20.516
G 117 0.533203 0.246094 0.574219 0.328125 34.859
G 118 0.574219 0.246094 0.615234 0.328125 33.578
G 119 0.615234 0.246094 0.656250 0.328125 47.609
G 120 0.656250 0.246094 0.697266 0.328125 32.484
G 121 0.697266 0.246094 0.738281 0.328125 33.719
G 122 0.738281 0.246094 0.779297 0.328125 32.078
G 123 0.779297 0.246094 0.820312 0.328125 26.250
G 124 0.820312 0.246094 0.861328 0.328125 20.812
G 125 0.861328 0.246094 0.902344 0.328125 26.250
G 126 0.902344 0.246094 0.943359 0.328125 38.016
G 160 0.943359 0.246094 0.984375 0.328125 13.266
G 161 0.000000 0.328125 0.041016 0.410156 18.922
G 162 0.041016 0.328125 0.082031 0.410156 32.953
G 163 0.082031 0.328125 0.123047 0.410156 35.766
G 164 0.123047 0.328125 0.164062 0.410156 42.656
G 165 0.164062 0.328125 0.205078 0.410156 31.938
G 166 0.205078 0.328125 0.246094 0.410156 18.984
G 167 0.246094 0.328125 0.287109 0.410156 33.031
G 168 0.287109 0.328125 0.328125 0.410156 34.859
G 169 0.328125 0.328125 0.369141 0.410156 51.188
G 170 0.369141 0.328125 0.410156 0.410156 27.094
G 171 0.410156 0.328125 0.451172 0.410156 36.969
G 172 0.451172 0.328125 0.492188 0.410156 38.016
G 173 0.492188 0.328125 0.533203 0.410156 0.000
G 174 0.533203 0.328125 0.574219 0.410156 37.219
G 175 0.574219 0.328125 0.615234 0.410156 24.578
G 176 0.615234 0.328125 0.656250 0.410156 25.734
G 177 0.656250 0.328125 0.697266 0.410156 38.016
G 178 0.697266 0.328125 0.738281 0.410156 25.766
G 179 0.738281 0.328125 0.779297 0.410156 26.422
G 180 0.779297 0.328125 0.820312 0.410156 20.453
G 181 0.820312 0.328125 0.861328 0.410156 35.172
G 182 0.861328 0.328125 0.902344 0.410156 33.531
G 183 0.902344 0.328125 0.943359 0.410156 18.703
G 184 0.943359 0.328125 0.984375 0.410156 20.406
G 185 0.000000 0.410156 0.041016 0.492188 18.656
G 186 0.041016 0.410156 0.082031 0.492188 26.984
G 187 0.082031 0.410156 0.123047 0.492188 36.969
G 188 0.123047 0.410156 0.164062 0.492188 47.359
G 189 0.164062 0.410156 0.205078 0.492188 49.359
G 190 0.205078 0.410156 0.246094 0.492188 51.516
G 191 0.246094 0.410156 0.287109 0.492188 31.344
G 192 0.287109 0.410156 0.328125 0.492188 41.812
G 193 0.328125 0.410156 0.369141 0.492188 41.812
G 194 0.369141 0.410156 0.410156 0.492188 41.812
G 195 0.410156 0.410156 0.451172 0.492188 41.812
G 196 0.451172 0.410156 0.492188 0.492188 41.812
G 197 0.492188 0.410156 0.533203 0.492188 41.812
G 198 0.533203 0.410156 0.574219 0.492188 57.266
G 199 0.574219 0.410156 0.615234 0.492188 41.422
G 200 0.615234 0.410156 0.656250 0.492188 34.016
G 201 0.656250 0.410156 0.697266 0.492188 34.016
G 202 0.697266 0.410156 0.738281 0.492188 34.016
G 203 0.738281 0.410156 0.779297 0.492188 34.016
G 204 0.779297 0.410156 0.820312 0.492188 15.719
G 205 0.820312 0.410156 0.861328 0.492188 15.719
G 206 0.861328 0.410156 0.902344 0.492188 15.719
G 207 0.902344 0.410156 0.943359 0.492188 15.719
G 208 0.943359 0.410156 0.984375 0.492188 42.547
G 209 0.000000 0.492188 0.041016 0.574219 42.688
G 210 0.041016 0.492188 0.082031 0.574219 43.156
G 211 0.082031 0.492188 0.123047 0.574219 43.156
G 212 0.123047 0.492188 0.164062 0.574219 43.156
G 213 0.164062 0.492188 0.205078 0.574219 43.156
G 214 0.205078 0.492188 0.246094 0.574219 43.156
G 215 0.246094 0.492188 0.287109 0.574219 38.016
G 216 0.287109 0.492188 0.328125 0.574219 43.156
G 217 0.328125 0.492188 0.369141 0.574219 40.984
G 218 0.369141 0.492188 0.410156 0.574219 40.984
G 219 0.410156 0.492188 0.451172 0.574219 40.984
G 220 0.451172 0.492188 0.492188 0.574219 40.984
G 221 0.492188 0.492188 0.533203 0.574219 40.938
G 222 0.533203 0.492188 0.574219 0.574219 37.469
G 223 0.574219 0.492188 0.615234 0.574219 36.812
G 224 0.615234 0.492188 0.656250 0.574219 32.516
G 225 0.656250 0.492188 0.697266 0.574219 32.516
G 226 0.697266 0.492188 0.738281 0.574219 32.516
G 227 0.738281 0.492188 0.779297 0.574219 32.516
G 228 0.779297 0.492188 0.820312 0.574219 32.516
G 229 0.820312 0.492188 0.861328 0.574219 32.516
G 230 0.861328 0.492188 0.902344 0.574219 50.969
G 231 0.902344 0.492188 0.943359 0.574219 32.953
G 232 0.943359 0.492188 0.984375 0.574219 33.359
G 233 0.000000 0.574219 0.041016 0.656250 33.359
G 234 0.041016 0.574219 0.082031 0.656250 33.359
G 235 0.082031 0.574219 0.123047 0.656250 33.359
G 236 0.123047 0.574219 0.164062 0.656250 15.172
G 237 0.164062 0.574219 0.205078 0.656250 15.172
G 238 0.205078 0.574219 0.246094 0.656250 15.172
G 239 0.246094 0.574219 0.287109 0.656250 15.172
G 240 0.287109 0.574219 0.328125 0.656250 33.547
G 241 0.328125 0.574219 0.369141 0.656250 34.859
G 242 0.369141 0.574219 0.410156 0.656250 34.344
G 243 0.410156 0.574219 0.451172 0.656250 34.344
G 244 0.451172 0.574219 0.492188 0.656250 34.344
G 245 0.492188 0.574219 0.533203 0.656250 34.344
G 246 0.533203 0.574219 0.574219 0.656250 34.344
G 247 0.574219 0.574219 0.615234 0.656250 38.016
G 248 0.615234 0.574219 0.656250 0.656250 34.344
G 249 0.656250 0.574219 0.697266 0.656250 34.859
G 250 0.697266 0.574219 0.738281 0.656250 34.859
G 251 0.738281 0.574219 0.779297 0.656250 34.859
G 252 0.779297 0.574219 0.820312 0.656250 34.859
G 253 0.820312 0.574219 0.861328 0.656250 33.719
G 254 0.861328 0.574219 0.902344 0.656250 35.297
G 255 0.902344 0.574219 0.943359 0.656250 33.719
G 8226 0.943359 0.574219 0.984375 0.656250 26.547
G 8211 0.000000 0.656250 0.041016 0.738281 28.000
G 8212 0.041016 0.656250 0.082031 0.738281 56.000
G 8216 0.082031 0.656250 0.123047 0.738281 17.391
G 8217 0.123047 0.656250 0.164062 0.738281 17.391
G 8220 0.164062 0.656250 0.205078 0.738281 30.250
G 8221 0.205078 0.656250 0.246094 0.738281 29.781
G 8230 0.246094 0.656250 0.287109 0.738281 56.109
G 215 0.287109 0.656250 0.328125 0.738281 38.016
G 8364 0.328125 0.656250 0.369141 0.738281 38.344
G 8594 0.369141 0.656250 0.410156 0.738281 53.438
G 8592 0.410156 0.656250 0.451172 0.738281 53.438
G 8593 0.451172 0.656250 0.492188 0.738281 50.703
G 8595 0.492188 0.656250 0.533203 0.738281 50.703
G 10003 0.533203 0.656250 0.574219 0.738281 49.406
